map                      mode   tiles  exact%  noise%  struct% sig(noisy) /q rho noisy rho struct sig global /q D3 noise%  sig3 /q  agree
kit S15                  I;16     350    98.9     1.1      0.0          1.21     -0.50        nan          0.00       0.6     4.56   98.3
kit S32                  I;16     350   100.0     0.0      0.0          0.00       nan        nan          0.00       0.0     0.00  100.0
kit S31                  I;16     350   100.0     0.0      0.0          0.00       nan        nan          0.00       0.0     0.00  100.0
kit S11                  I;16     350    98.6     0.9      0.6          1.82     -0.49       0.25          0.00       0.0     0.00   99.1
kit S2                   I;16     350   100.0     0.0      0.0          0.00       nan        nan          0.00       0.0     0.00  100.0
kit S26                  I;16     350   100.0     0.0      0.0          0.00       nan        nan          0.00       0.0     0.00  100.0
kit S16                  I;16     350    98.9     0.0      1.1          0.00       nan       0.99          0.00       0.0     0.00  100.0
kit S27                  I;16     350   100.0     0.0      0.0          0.00       nan        nan          0.00       0.0     0.00  100.0
kit S5                   I;16     350    98.3     1.7      0.0          2.12     -0.67        nan          0.00       0.0     0.00   98.3
kit S7                   I;16     350    99.7     0.3      0.0          1.82     -0.50        nan          0.00       3.7    28.51   96.0
troll DA3 16-bit         I;16     806    36.7    34.9     28.4          1.82     -0.27       0.33          1.21      38.6     1.66   70.2
troll DA2 16-bit         I;16     806     3.0    82.1     14.9          3.63     -0.73       0.18          4.24      95.9     4.31   84.2
troll old 8-bit          L        806   100.0     0.0      0.0          0.00       nan        nan          0.00       0.0     0.00  100.0
bristlecone DA3 16-bit   I;16     651    79.9    11.7      8.4          7.26     -0.45       0.19          0.00      18.4     5.30   92.3
octopus DA3 16-bit       I;16     651    34.3    51.0     14.7          3.63     -0.28       0.19          1.82      58.8     3.65   84.2
room DA3 16-bit          I;16     651    49.9    47.9      2.2         11.50     -0.33       0.07          0.91      49.2     9.53   97.2
silverwarrior DA3 16-bit I;16     961    78.7    16.9      4.5          2.42     -0.43       0.18          0.00      17.0     2.32   92.6
starwatcher DA3 16-bit   I;16     651    76.5    22.6      0.9          2.42     -0.43       0.13          0.00      21.8     2.32   97.4
vermeer DA3 16-bit       I;16     868    40.2    41.9     17.9          3.03     -0.39       0.22          1.82      54.7     2.98   80.1
octopus repo 8-bit       L        651   100.0     0.0      0.0          0.00       nan        nan          0.00       0.0     0.00  100.0
room repo 8-bit          L        651    99.8     0.0      0.2          0.00       nan       0.01          0.00       0.0     0.00  100.0
silverwarrior repo 8-bit L        961   100.0     0.0      0.0          0.00       nan        nan          0.00       0.0     0.00  100.0
starwatcher repo 8-bit   L        651   100.0     0.0      0.0          0.00       nan        nan          0.00       0.0     0.00  100.0
